Time 1-10.0.0.1-10.0.0.3 Aggregate-Flow
0.000000 683.200000 683.200000
1.000000 761.600000 761.600000
2.000000 616.000000 616.000000
3.000000 761.600000 761.600000
4.000000 739.200000 739.200000
5.000000 918.400000 918.400000
6.000000 851.200000 851.200000
7.000000 806.400000 806.400000
8.000000 672.000000 672.000000
9.000000 616.000000 616.000000
10.000000 750.400000 750.400000
11.000000 806.400000 806.400000
12.000000 627.200000 627.200000
13.000000 515.200000 515.200000
14.000000 627.200000 627.200000
15.000000 593.600000 593.600000
16.000000 806.400000 806.400000
17.000000 907.200000 907.200000
18.000000 728.000000 728.000000
19.000000 784.000000 784.000000
20.000000 952.000000 952.000000
21.000000 974.400000 974.400000
22.000000 548.800000 548.800000
23.000000 649.600000 649.600000
24.000000 896.000000 896.000000
25.000000 817.600000 817.600000
26.000000 638.400000 638.400000
27.000000 683.200000 683.200000
28.000000 571.200000 571.200000
29.000000 672.000000 672.000000
30.000000 817.600000 817.600000
31.000000 571.200000 571.200000
32.000000 705.600000 705.600000
33.000000 694.400000 694.400000
34.000000 862.400000 862.400000
35.000000 728.000000 728.000000
36.000000 571.200000 571.200000
37.000000 772.800000 772.800000
38.000000 672.000000 672.000000
39.000000 582.400000 582.400000
40.000000 694.400000 694.400000
41.000000 817.600000 817.600000
42.000000 884.800000 884.800000
43.000000 649.600000 649.600000
44.000000 649.600000 649.600000
45.000000 873.600000 873.600000
46.000000 851.200000 851.200000
47.000000 593.600000 593.600000
48.000000 672.000000 672.000000
49.000000 750.400000 750.400000
50.000000 750.400000 750.400000
51.000000 817.600000 817.600000
52.000000 963.200000 963.200000
53.000000 840.000000 840.000000
54.000000 772.800000 772.800000
55.000000 862.400000 862.400000
56.000000 761.600000 761.600000
57.000000 705.600000 705.600000
58.000000 862.400000 862.400000
59.000000 884.800000 884.800000
60.000000 3864.000000 3864.000000
61.000000 3841.600000 3841.600000
62.000000 3494.400000 3494.400000
