Time 1-10.0.0.1-10.0.0.3 Aggregate-Flow
0.000000 0.012707 0.012707
1.000000 0.013920 0.013920
2.000000 0.014858 0.014858
3.000000 0.011097 0.011097
4.000000 0.015890 0.015890
5.000000 0.009720 0.009720
6.000000 0.010014 0.010014
7.000000 0.010694 0.010694
8.000000 0.012950 0.012950
9.000000 0.014158 0.014158
10.000000 0.011351 0.011351
11.000000 0.012621 0.012621
12.000000 0.018699 0.018699
13.000000 0.016759 0.016759
14.000000 0.013816 0.013816
15.000000 0.013008 0.013008
16.000000 0.010649 0.010649
17.000000 0.011096 0.011096
18.000000 0.011608 0.011608
19.000000 0.011937 0.011937
20.000000 0.010118 0.010118
21.000000 0.009397 0.009397
22.000000 0.016648 0.016648
23.000000 0.014992 0.014992
24.000000 0.013323 0.013323
25.000000 0.013664 0.013664
26.000000 0.012973 0.012973
27.000000 0.014102 0.014102
28.000000 0.011166 0.011166
29.000000 0.009758 0.009758
30.000000 0.011328 0.011328
31.000000 0.011780 0.011780
32.000000 0.016035 0.016035
33.000000 0.016289 0.016289
34.000000 0.012846 0.012846
35.000000 0.010820 0.010820
36.000000 0.012477 0.012477
37.000000 0.012859 0.012859
38.000000 0.012358 0.012358
39.000000 0.014380 0.014380
40.000000 0.010283 0.010283
41.000000 0.016233 0.016233
42.000000 0.013773 0.013773
43.000000 0.012986 0.012986
44.000000 0.016249 0.016249
45.000000 0.013082 0.013082
46.000000 0.015960 0.015960
47.000000 0.009116 0.009116
48.000000 0.013698 0.013698
49.000000 0.011477 0.011477
50.000000 0.013360 0.013360
51.000000 0.013813 0.013813
52.000000 0.012155 0.012155
53.000000 0.014421 0.014421
54.000000 0.014993 0.014993
55.000000 0.013761 0.013761
56.000000 0.014133 0.014133
57.000000 0.009762 0.009762
58.000000 0.013394 0.013394
59.000000 0.012370 0.012370
60.000000 0.012526 0.012526
61.000000 0.010123 0.010123
62.000000 0.010887 0.010887
