Time 1-10.0.0.1-10.0.0.3 Aggregate-Flow
0.000000 0.325464 0.325464
1.000000 1.133041 1.133041
2.000000 1.798104 1.798104
3.000000 2.462098 2.462098
4.000000 2.854936 2.854936
5.000000 3.362166 3.362166
6.000000 4.003830 4.003830
7.000000 4.735728 4.735728
8.000000 5.333737 5.333737
9.000000 6.130125 6.130125
10.000000 6.757132 6.757132
11.000000 7.388278 7.388278
12.000000 7.851856 7.851856
13.000000 8.345576 8.345576
14.000000 9.115595 9.115595
15.000000 9.805861 9.805861
16.000000 10.339174 10.339174
17.000000 10.926107 10.926107
18.000000 11.480638 11.480638
19.000000 12.258026 12.258026
20.000000 12.844816 12.844816
21.000000 13.392584 13.392584
22.000000 14.043807 14.043807
23.000000 14.848965 14.848965
24.000000 15.190113 15.190113
25.000000 14.966646 14.966646
26.000000 15.121254 15.121254
27.000000 15.184825 15.184825
28.000000 15.087973 15.087973
29.000000 14.993027 14.993027
30.000000 14.756683 14.756683
31.000000 14.809721 14.809721
32.000000 15.176551 15.176551
33.000000 15.292989 15.292989
34.000000 15.206867 15.206867
35.000000 15.274671 15.274671
36.000000 15.577103 15.577103
37.000000 15.880023 15.880023
38.000000 15.875852 15.875852
39.000000 15.886269 15.886269
40.000000 16.035311 16.035311
41.000000 16.249139 16.249139
42.000000 16.055212 16.055212
43.000000 15.830553 15.830553
44.000000 15.846651 15.846651
45.000000 15.736479 15.736479
46.000000 15.494918 15.494918
47.000000 15.277863 15.277863
48.000000 15.397414 15.397414
49.000000 15.505069 15.505069
50.000000 15.574782 15.574782
51.000000 15.475866 15.475866
52.000000 15.080609 15.080609
53.000000 14.833771 14.833771
54.000000 14.539271 14.539271
55.000000 14.376687 14.376687
56.000000 14.324997 14.324997
57.000000 14.568870 14.568870
58.000000 14.395261 14.395261
59.000000 14.001266 14.001266
60.000000 12.018839 12.018839
61.000000 8.127513 8.127513
62.000000 4.554533 4.554533
