Time 1-10.0.0.1-10.0.0.3 Aggregate-Flow
0.000000 0.002099 0.002099
1.000000 0.010972 0.010972
2.000000 0.001832 0.001832
3.000000 0.002457 0.002457
4.000000 0.008780 0.008780
5.000000 0.003368 0.003368
6.000000 0.003042 0.003042
7.000000 0.002366 0.002366
8.000000 0.001827 0.001827
9.000000 0.001889 0.001889
10.000000 0.002507 0.002507
11.000000 0.003901 0.003901
12.000000 0.003471 0.003471
13.000000 0.001450 0.001450
14.000000 0.001986 0.001986
15.000000 0.002074 0.002074
16.000000 0.002100 0.002100
17.000000 0.007850 0.007850
18.000000 0.001904 0.001904
19.000000 0.007178 0.007178
20.000000 0.005088 0.005088
21.000000 0.005618 0.005618
22.000000 0.001550 0.001550
23.000000 0.007642 0.007642
24.000000 0.003642 0.003642
25.000000 0.003449 0.003449
26.000000 0.002261 0.002261
27.000000 0.001851 0.001851
28.000000 0.001733 0.001733
29.000000 0.001730 0.001730
30.000000 0.003230 0.003230
31.000000 0.001791 0.001791
32.000000 0.002498 0.002498
33.000000 0.007322 0.007322
34.000000 0.002524 0.002524
35.000000 0.002079 0.002079
36.000000 0.001723 0.001723
37.000000 0.002052 0.002052
38.000000 0.001741 0.001741
39.000000 0.001791 0.001791
40.000000 0.001887 0.001887
41.000000 0.010934 0.010934
42.000000 0.003848 0.003848
43.000000 0.001677 0.001677
44.000000 0.005856 0.005856
45.000000 0.004275 0.004275
46.000000 0.006849 0.006849
47.000000 0.001856 0.001856
48.000000 0.002447 0.002447
49.000000 0.003463 0.003463
50.000000 0.003107 0.003107
51.000000 0.006798 0.006798
52.000000 0.003507 0.003507
53.000000 0.004077 0.004077
54.000000 0.003636 0.003636
55.000000 0.002646 0.002646
56.000000 0.001878 0.001878
57.000000 0.001933 0.001933
58.000000 0.001827 0.001827
59.000000 0.002850 0.002850
60.000000 0.000597 0.000597
