Time 1-10.0.0.1-10.0.0.3 Aggregate-Flow
0.000000 2464.000000 2464.000000
1.000000 1086.400000 1086.400000
2.000000 2587.200000 2587.200000
3.000000 2273.600000 2273.600000
4.000000 1108.800000 1108.800000
5.000000 1881.600000 1881.600000
6.000000 2083.200000 2083.200000
7.000000 2273.600000 2273.600000
8.000000 2564.800000 2564.800000
9.000000 2542.400000 2542.400000
10.000000 1881.600000 1881.600000
11.000000 1993.600000 1993.600000
12.000000 2027.200000 2027.200000
13.000000 2699.200000 2699.200000
14.000000 2564.800000 2564.800000
15.000000 2553.600000 2553.600000
16.000000 2374.400000 2374.400000
17.000000 1176.000000 1176.000000
18.000000 2486.400000 2486.400000
19.000000 1433.600000 1433.600000
20.000000 1724.800000 1724.800000
21.000000 1545.600000 1545.600000
22.000000 2654.400000 2654.400000
23.000000 1456.000000 1456.000000
24.000000 2072.000000 2072.000000
25.000000 2027.200000 2027.200000
26.000000 2363.200000 2363.200000
27.000000 2508.800000 2508.800000
28.000000 2620.800000 2620.800000
29.000000 2531.200000 2531.200000
30.000000 2150.400000 2150.400000
31.000000 2643.200000 2643.200000
32.000000 2419.200000 2419.200000
33.000000 1433.600000 1433.600000
34.000000 2184.000000 2184.000000
35.000000 2396.800000 2396.800000
36.000000 2632.000000 2632.000000
37.000000 2408.000000 2408.000000
38.000000 2553.600000 2553.600000
39.000000 2542.400000 2542.400000
40.000000 2441.600000 2441.600000
41.000000 940.800000 940.800000
42.000000 1881.600000 1881.600000
43.000000 2576.000000 2576.000000
44.000000 1668.800000 1668.800000
45.000000 1859.200000 1859.200000
46.000000 1400.000000 1400.000000
47.000000 2419.200000 2419.200000
48.000000 2441.600000 2441.600000
49.000000 1960.000000 1960.000000
50.000000 1971.200000 1971.200000
51.000000 1377.600000 1377.600000
52.000000 1993.600000 1993.600000
53.000000 1825.600000 1825.600000
54.000000 2105.600000 2105.600000
55.000000 2139.200000 2139.200000
56.000000 2441.600000 2441.600000
57.000000 2441.600000 2441.600000
58.000000 2352.000000 2352.000000
59.000000 2016.000000 2016.000000
60.000000 11.200000 11.200000
