Time 1-10.0.0.1-10.0.0.3 Aggregate-Flow
0.000000 0.010944 0.010944
1.000000 0.016008 0.016008
2.000000 0.015055 0.015055
3.000000 0.011766 0.011766
4.000000 0.014486 0.014486
5.000000 0.011711 0.011711
6.000000 0.010688 0.010688
7.000000 0.014862 0.014862
8.000000 0.012451 0.012451
9.000000 0.013253 0.013253
10.000000 0.011740 0.011740
11.000000 0.014631 0.014631
12.000000 0.013211 0.013211
13.000000 0.013745 0.013745
14.000000 0.015305 0.015305
15.000000 0.011428 0.011428
16.000000 0.010111 0.010111
17.000000 0.013231 0.013231
18.000000 0.013414 0.013414
19.000000 0.016360 0.016360
20.000000 0.017457 0.017457
21.000000 0.012991 0.012991
22.000000 0.018152 0.018152
23.000000 0.016637 0.016637
24.000000 0.013124 0.013124
25.000000 0.012133 0.012133
26.000000 0.018061 0.018061
27.000000 0.016834 0.016834
28.000000 0.017326 0.017326
29.000000 0.016803 0.016803
30.000000 0.011987 0.011987
31.000000 0.022120 0.022120
32.000000 0.021054 0.021054
33.000000 0.018620 0.018620
34.000000 0.010152 0.010152
35.000000 0.011310 0.011310
36.000000 0.017097 0.017097
37.000000 0.012596 0.012596
38.000000 0.013072 0.013072
39.000000 0.016178 0.016178
40.000000 0.013523 0.013523
41.000000 0.013242 0.013242
42.000000 0.012252 0.012252
43.000000 0.015504 0.015504
44.000000 0.018267 0.018267
45.000000 0.015237 0.015237
46.000000 0.014491 0.014491
47.000000 0.017598 0.017598
48.000000 0.017050 0.017050
49.000000 0.013719 0.013719
50.000000 0.013081 0.013081
51.000000 0.015333 0.015333
52.000000 0.009752 0.009752
53.000000 0.010115 0.010115
54.000000 0.013842 0.013842
55.000000 0.010051 0.010051
56.000000 0.012591 0.012591
57.000000 0.011632 0.011632
58.000000 0.009854 0.009854
59.000000 0.010040 0.010040
60.000000 0.010761 0.010761
