Time 1-10.0.0.1-10.0.0.3 Aggregate-Flow
0.000000 0.003814 0.003814
1.000000 0.016481 0.016481
2.000000 0.003488 0.003488
3.000000 0.004909 0.004909
4.000000 0.013827 0.013827
5.000000 0.006369 0.006369
6.000000 0.005872 0.005872
7.000000 0.004541 0.004541
8.000000 0.003193 0.003193
9.000000 0.003459 0.003459
10.000000 0.006886 0.006886
11.000000 0.007075 0.007075
12.000000 0.004078 0.004078
13.000000 0.002885 0.002885
14.000000 0.003053 0.003053
15.000000 0.003276 0.003276
16.000000 0.003495 0.003495
17.000000 0.010166 0.010166
18.000000 0.003664 0.003664
19.000000 0.007426 0.007426
20.000000 0.006717 0.006717
21.000000 0.007448 0.007448
22.000000 0.002900 0.002900
23.000000 0.011455 0.011455
24.000000 0.006231 0.006231
25.000000 0.004504 0.004504
26.000000 0.004424 0.004424
27.000000 0.003173 0.003173
28.000000 0.003097 0.003097
29.000000 0.003221 0.003221
30.000000 0.006008 0.006008
31.000000 0.002866 0.002866
32.000000 0.003486 0.003486
33.000000 0.010953 0.010953
34.000000 0.004186 0.004186
35.000000 0.003898 0.003898
36.000000 0.002937 0.002937
37.000000 0.003931 0.003931
38.000000 0.003476 0.003476
39.000000 0.003470 0.003470
40.000000 0.003410 0.003410
41.000000 0.010334 0.010334
42.000000 0.004858 0.004858
43.000000 0.003245 0.003245
44.000000 0.004303 0.004303
45.000000 0.007475 0.007475
46.000000 0.006801 0.006801
47.000000 0.003747 0.003747
48.000000 0.003898 0.003898
49.000000 0.005132 0.005132
50.000000 0.004922 0.004922
51.000000 0.008926 0.008926
52.000000 0.006214 0.006214
53.000000 0.006776 0.006776
54.000000 0.005389 0.005389
55.000000 0.004824 0.004824
56.000000 0.004327 0.004327
57.000000 0.004453 0.004453
58.000000 0.003978 0.003978
59.000000 0.005191 0.005191
