Time 1-10.0.0.1-10.0.0.3 Aggregate-Flow
0.000000 0.001816 0.001816
1.000000 0.019003 0.019003
2.000000 0.000769 0.000769
3.000000 0.002405 0.002405
4.000000 0.009550 0.009550
5.000000 0.004052 0.004052
6.000000 0.003705 0.003705
7.000000 0.002626 0.002626
8.000000 0.000656 0.000656
9.000000 0.001040 0.001040
10.000000 0.003494 0.003494
11.000000 0.005030 0.005030
12.000000 0.001830 0.001830
13.000000 0.000607 0.000607
14.000000 0.000854 0.000854
15.000000 0.001344 0.001344
16.000000 0.001272 0.001272
17.000000 0.009045 0.009045
18.000000 0.001270 0.001270
19.000000 0.007118 0.007118
20.000000 0.004455 0.004455
21.000000 0.006088 0.006088
22.000000 0.000614 0.000614
23.000000 0.013609 0.013609
24.000000 0.004757 0.004757
25.000000 0.002226 0.002226
26.000000 0.003038 0.003038
27.000000 0.000771 0.000771
28.000000 0.001033 0.001033
29.000000 0.000959 0.000959
30.000000 0.004607 0.004607
31.000000 0.000543 0.000543
32.000000 0.001466 0.001466
33.000000 0.010739 0.010739
34.000000 0.002025 0.002025
35.000000 0.002015 0.002015
36.000000 0.000516 0.000516
37.000000 0.001710 0.001710
38.000000 0.001006 0.001006
39.000000 0.001603 0.001603
40.000000 0.001174 0.001174
41.000000 0.010055 0.010055
42.000000 0.002739 0.002739
43.000000 0.000808 0.000808
44.000000 0.001996 0.001996
45.000000 0.006812 0.006812
46.000000 0.004813 0.004813
47.000000 0.001939 0.001939
48.000000 0.001978 0.001978
49.000000 0.003872 0.003872
50.000000 0.003399 0.003399
51.000000 0.007673 0.007673
52.000000 0.004586 0.004586
53.000000 0.005776 0.005776
54.000000 0.004566 0.004566
55.000000 0.003668 0.003668
56.000000 0.001430 0.001430
57.000000 0.002012 0.002012
58.000000 0.001560 0.001560
59.000000 0.002858 0.002858
