Time 1-10.0.0.1-10.0.0.3 Aggregate-Flow
0.000000 761.600000 761.600000
1.000000 548.800000 548.800000
2.000000 526.400000 526.400000
3.000000 593.600000 593.600000
4.000000 582.400000 582.400000
5.000000 683.200000 683.200000
6.000000 649.600000 649.600000
7.000000 582.400000 582.400000
8.000000 548.800000 548.800000
9.000000 548.800000 548.800000
10.000000 716.800000 716.800000
11.000000 638.400000 638.400000
12.000000 593.600000 593.600000
13.000000 548.800000 548.800000
14.000000 526.400000 526.400000
15.000000 672.000000 672.000000
16.000000 649.600000 649.600000
17.000000 649.600000 649.600000
18.000000 705.600000 705.600000
19.000000 627.200000 627.200000
20.000000 649.600000 649.600000
21.000000 716.800000 716.800000
22.000000 683.200000 683.200000
23.000000 616.000000 616.000000
24.000000 537.600000 537.600000
25.000000 627.200000 627.200000
26.000000 739.200000 739.200000
27.000000 616.000000 616.000000
28.000000 537.600000 537.600000
29.000000 604.800000 604.800000
30.000000 571.200000 571.200000
31.000000 548.800000 548.800000
32.000000 582.400000 582.400000
33.000000 627.200000 627.200000
34.000000 616.000000 616.000000
35.000000 660.800000 660.800000
36.000000 616.000000 616.000000
37.000000 548.800000 548.800000
38.000000 504.000000 504.000000
39.000000 660.800000 660.800000
40.000000 560.000000 560.000000
41.000000 604.800000 604.800000
42.000000 739.200000 739.200000
43.000000 548.800000 548.800000
44.000000 526.400000 526.400000
45.000000 548.800000 548.800000
46.000000 548.800000 548.800000
47.000000 537.600000 537.600000
48.000000 616.000000 616.000000
49.000000 593.600000 593.600000
50.000000 537.600000 537.600000
51.000000 582.400000 582.400000
52.000000 627.200000 627.200000
53.000000 683.200000 683.200000
54.000000 907.200000 907.200000
55.000000 649.600000 649.600000
56.000000 537.600000 537.600000
57.000000 593.600000 593.600000
58.000000 537.600000 537.600000
59.000000 627.200000 627.200000
60.000000 3830.400000 3830.400000
61.000000 3886.400000 3886.400000
62.000000 3483.200000 3483.200000
