Time 1-10.0.0.1-10.0.0.3 Aggregate-Flow
0.000000 0.302165 0.302165
1.000000 1.118921 1.118921
2.000000 1.881009 1.881009
3.000000 2.660969 2.660969
4.000000 3.450218 3.450218
5.000000 4.162018 4.162018
6.000000 4.963317 4.963317
7.000000 5.717324 5.717324
8.000000 6.500773 6.500773
9.000000 7.248269 7.248269
10.000000 8.065269 8.065269
11.000000 8.716659 8.716659
12.000000 9.487770 9.487770
13.000000 10.300071 10.300071
14.000000 11.071052 11.071052
15.000000 11.882240 11.882240
16.000000 12.663824 12.663824
17.000000 13.374920 13.374920
18.000000 14.115338 14.115338
19.000000 14.860931 14.860931
20.000000 15.604941 15.604941
21.000000 16.150562 16.150562
22.000000 16.894193 16.894193
23.000000 17.583146 17.583146
24.000000 17.898747 17.898747
25.000000 17.991214 17.991214
26.000000 17.685812 17.685812
27.000000 17.465366 17.465366
28.000000 17.696742 17.696742
29.000000 17.839584 17.839584
30.000000 17.848954 17.848954
31.000000 17.874444 17.874444
32.000000 17.812188 17.812188
33.000000 17.849277 17.849277
34.000000 17.874927 17.874927
35.000000 18.069740 18.069740
36.000000 18.020662 18.020662
37.000000 18.250400 18.250400
38.000000 18.398646 18.398646
39.000000 18.494664 18.494664
40.000000 18.645795 18.645795
41.000000 18.705609 18.705609
42.000000 18.695262 18.695262
43.000000 18.577072 18.577072
44.000000 18.736839 18.736839
45.000000 19.014871 19.014871
46.000000 19.238892 19.238892
47.000000 19.235005 19.235005
48.000000 19.238167 19.238167
49.000000 19.210299 19.210299
50.000000 19.187628 19.187628
51.000000 19.210269 19.210269
52.000000 19.202900 19.202900
53.000000 19.116939 19.116939
54.000000 18.882153 18.882153
55.000000 18.605839 18.605839
56.000000 18.491597 18.491597
57.000000 18.501648 18.501648
58.000000 18.607536 18.607536
59.000000 18.579141 18.579141
60.000000 15.824483 15.824483
61.000000 10.110886 10.110886
62.000000 5.407469 5.407469
