Time 1-10.0.0.1-10.0.0.3 Aggregate-Flow
0.000000 0.010885 0.010885
1.000000 0.016232 0.016232
2.000000 0.016594 0.016594
3.000000 0.015183 0.015183
4.000000 0.015441 0.015441
5.000000 0.013633 0.013633
6.000000 0.013078 0.013078
7.000000 0.014770 0.014770
8.000000 0.015997 0.015997
9.000000 0.016411 0.016411
10.000000 0.012962 0.012962
11.000000 0.014289 0.014289
12.000000 0.015171 0.015171
13.000000 0.016756 0.016756
14.000000 0.016647 0.016647
15.000000 0.013102 0.013102
16.000000 0.013787 0.013787
17.000000 0.012975 0.012975
18.000000 0.012626 0.012626
19.000000 0.014147 0.014147
20.000000 0.013491 0.013491
21.000000 0.013073 0.013073
22.000000 0.012682 0.012682
23.000000 0.015109 0.015109
24.000000 0.011360 0.011360
25.000000 0.011169 0.011169
26.000000 0.013756 0.013756
27.000000 0.011285 0.011285
28.000000 0.014148 0.014148
29.000000 0.011088 0.011088
30.000000 0.010716 0.010716
31.000000 0.012857 0.012857
32.000000 0.009496 0.009496
33.000000 0.012930 0.012930
34.000000 0.011529 0.011529
35.000000 0.014064 0.014064
36.000000 0.012176 0.012176
37.000000 0.006297 0.006297
38.000000 0.011756 0.011756
39.000000 0.014024 0.014024
40.000000 0.013472 0.013472
41.000000 0.013442 0.013442
42.000000 0.012155 0.012155
43.000000 0.007871 0.007871
44.000000 0.012511 0.012511
45.000000 0.010976 0.010976
46.000000 0.011841 0.011841
47.000000 0.013327 0.013327
48.000000 0.012841 0.012841
49.000000 0.013570 0.013570
50.000000 0.015589 0.015589
51.000000 0.011336 0.011336
52.000000 0.012178 0.012178
53.000000 0.008551 0.008551
54.000000 0.013266 0.013266
55.000000 0.013959 0.013959
56.000000 0.006888 0.006888
57.000000 0.011907 0.011907
58.000000 0.011052 0.011052
59.000000 0.010966 0.010966
60.000000 0.016811 0.016811
61.000000 0.015204 0.015204
62.000000 0.015201 0.015201
