Time 1-10.0.0.1-10.0.0.3 Aggregate-Flow
0.000000 2452.800000 2452.800000
1.000000 2654.400000 2654.400000
2.000000 2654.400000 2654.400000
3.000000 2632.000000 2632.000000
4.000000 2598.400000 2598.400000
5.000000 1960.000000 1960.000000
6.000000 2520.000000 2520.000000
7.000000 2609.600000 2609.600000
8.000000 2632.000000 2632.000000
9.000000 2665.600000 2665.600000
10.000000 1892.800000 1892.800000
11.000000 2531.200000 2531.200000
12.000000 2632.000000 2632.000000
13.000000 2665.600000 2665.600000
14.000000 2676.800000 2676.800000
15.000000 2363.200000 2363.200000
16.000000 2217.600000 2217.600000
17.000000 2408.000000 2408.000000
18.000000 2385.600000 2385.600000
19.000000 2598.400000 2598.400000
20.000000 2520.000000 2520.000000
21.000000 2464.000000 2464.000000
22.000000 2520.000000 2520.000000
23.000000 2576.000000 2576.000000
24.000000 2676.800000 2676.800000
25.000000 2452.800000 2452.800000
26.000000 2475.200000 2475.200000
27.000000 2587.200000 2587.200000
28.000000 2643.200000 2643.200000
29.000000 2576.000000 2576.000000
30.000000 2632.000000 2632.000000
31.000000 2587.200000 2587.200000
32.000000 2620.800000 2620.800000
33.000000 2262.400000 2262.400000
34.000000 2609.600000 2609.600000
35.000000 2329.600000 2329.600000
36.000000 2587.200000 2587.200000
37.000000 2665.600000 2665.600000
38.000000 2688.000000 2688.000000
39.000000 2542.400000 2542.400000
40.000000 2576.000000 2576.000000
41.000000 2576.000000 2576.000000
42.000000 2452.800000 2452.800000
43.000000 2665.600000 2665.600000
44.000000 2676.800000 2676.800000
45.000000 2665.600000 2665.600000
46.000000 2654.400000 2654.400000
47.000000 2665.600000 2665.600000
48.000000 2598.400000 2598.400000
49.000000 2609.600000 2609.600000
50.000000 2676.800000 2676.800000
51.000000 2620.800000 2620.800000
52.000000 2542.400000 2542.400000
53.000000 2396.800000 2396.800000
54.000000 1568.000000 1568.000000
55.000000 2340.800000 2340.800000
56.000000 2676.800000 2676.800000
57.000000 2576.000000 2576.000000
58.000000 2676.800000 2676.800000
59.000000 2508.800000 2508.800000
60.000000 11.200000 11.200000
