Time 1-10.0.0.1-10.0.0.3 Aggregate-Flow
0.000000 0.001588 0.001588
1.000000 0.001493 0.001493
2.000000 0.001677 0.001677
3.000000 0.001709 0.001709
4.000000 0.001782 0.001782
5.000000 0.003525 0.003525
6.000000 0.001878 0.001878
7.000000 0.001434 0.001434
8.000000 0.001562 0.001562
9.000000 0.001451 0.001451
10.000000 0.003484 0.003484
11.000000 0.002242 0.002242
12.000000 0.001362 0.001362
13.000000 0.001468 0.001468
14.000000 0.001731 0.001731
15.000000 0.002574 0.002574
16.000000 0.003449 0.003449
17.000000 0.002046 0.002046
18.000000 0.002329 0.002329
19.000000 0.002055 0.002055
20.000000 0.001809 0.001809
21.000000 0.001860 0.001860
22.000000 0.001923 0.001923
23.000000 0.001567 0.001567
24.000000 0.001637 0.001637
25.000000 0.001885 0.001885
26.000000 0.002115 0.002115
27.000000 0.002024 0.002024
28.000000 0.002064 0.002064
29.000000 0.001547 0.001547
30.000000 0.001487 0.001487
31.000000 0.001853 0.001853
32.000000 0.001609 0.001609
33.000000 0.002858 0.002858
34.000000 0.001603 0.001603
35.000000 0.002325 0.002325
36.000000 0.001665 0.001665
37.000000 0.001604 0.001604
38.000000 0.001559 0.001559
39.000000 0.001832 0.001832
40.000000 0.002091 0.002091
41.000000 0.002097 0.002097
42.000000 0.002212 0.002212
43.000000 0.001477 0.001477
44.000000 0.001646 0.001646
45.000000 0.001487 0.001487
46.000000 0.001503 0.001503
47.000000 0.001720 0.001720
48.000000 0.001547 0.001547
49.000000 0.001625 0.001625
50.000000 0.001481 0.001481
51.000000 0.001414 0.001414
52.000000 0.001857 0.001857
53.000000 0.002294 0.002294
54.000000 0.004860 0.004860
55.000000 0.002468 0.002468
56.000000 0.001985 0.001985
57.000000 0.001779 0.001779
58.000000 0.001720 0.001720
59.000000 0.002205 0.002205
60.000000 0.001642 0.001642
