Time 1-10.0.0.1-10.0.0.3 Aggregate-Flow
0.000000 0.012660 0.012660
1.000000 0.027220 0.027220
2.000000 0.020084 0.020084
3.000000 0.016026 0.016026
4.000000 0.012724 0.012724
5.000000 0.019003 0.019003
6.000000 0.016762 0.016762
7.000000 0.018005 0.018005
8.000000 0.020594 0.020594
9.000000 0.016479 0.016479
10.000000 0.017564 0.017564
11.000000 0.016352 0.016352
12.000000 0.027276 0.027276
13.000000 0.030050 0.030050
14.000000 0.029580 0.029580
15.000000 0.022837 0.022837
16.000000 0.022691 0.022691
17.000000 0.027236 0.027236
18.000000 0.026701 0.026701
19.000000 0.028886 0.028886
20.000000 0.027202 0.027202
21.000000 0.022748 0.022748
22.000000 0.024669 0.024669
23.000000 0.029376 0.029376
24.000000 0.040819 0.040819
25.000000 0.024235 0.024235
26.000000 0.022346 0.022346
27.000000 0.038235 0.038235
28.000000 0.038803 0.038803
29.000000 0.027767 0.027767
30.000000 0.028581 0.028581
31.000000 0.034349 0.034349
32.000000 0.030833 0.030833
33.000000 0.027081 0.027081
34.000000 0.033565 0.033565
35.000000 0.023280 0.023280
36.000000 0.042297 0.042297
37.000000 0.045631 0.045631
38.000000 0.037529 0.037529
39.000000 0.028098 0.028098
40.000000 0.034321 0.034321
41.000000 0.037088 0.037088
42.000000 0.022832 0.022832
43.000000 0.036563 0.036563
44.000000 0.039665 0.039665
45.000000 0.032684 0.032684
46.000000 0.046366 0.046366
47.000000 0.031445 0.031445
48.000000 0.028288 0.028288
49.000000 0.026444 0.026444
50.000000 0.029140 0.029140
51.000000 0.034470 0.034470
52.000000 0.035924 0.035924
53.000000 0.022336 0.022336
54.000000 0.019187 0.019187
55.000000 0.011458 0.011458
56.000000 0.024019 0.024019
57.000000 0.024807 0.024807
58.000000 0.025479 0.025479
59.000000 0.018820 0.018820
60.000000 0.010263 0.010263
