Time 1-10.0.0.2-10.0.0.4 Aggregate-Flow
0.000000 0.000846 0.000846
1.000000 0.000629 0.000629
2.000000 0.000808 0.000808
3.000000 0.000771 0.000771
4.000000 0.000734 0.000734
5.000000 0.002258 0.002258
6.000000 0.000672 0.000672
7.000000 0.000667 0.000667
8.000000 0.000681 0.000681
9.000000 0.000643 0.000643
10.000000 0.002538 0.002538
11.000000 0.001152 0.001152
12.000000 0.000604 0.000604
13.000000 0.000600 0.000600
14.000000 0.000597 0.000597
15.000000 0.001337 0.001337
16.000000 0.001949 0.001949
17.000000 0.001027 0.001027
18.000000 0.001288 0.001288
19.000000 0.000721 0.000721
20.000000 0.000750 0.000750
21.000000 0.000866 0.000866
22.000000 0.000850 0.000850
23.000000 0.000613 0.000613
24.000000 0.000741 0.000741
25.000000 0.001029 0.001029
26.000000 0.001058 0.001058
27.000000 0.000619 0.000619
28.000000 0.000881 0.000881
29.000000 0.000718 0.000718
30.000000 0.000628 0.000628
31.000000 0.000893 0.000893
32.000000 0.000646 0.000646
33.000000 0.001835 0.001835
34.000000 0.000709 0.000709
35.000000 0.001476 0.001476
36.000000 0.000683 0.000683
37.000000 0.000649 0.000649
38.000000 0.000630 0.000630
39.000000 0.000835 0.000835
40.000000 0.001036 0.001036
41.000000 0.000838 0.000838
42.000000 0.001168 0.001168
43.000000 0.000531 0.000531
44.000000 0.000669 0.000669
45.000000 0.000659 0.000659
46.000000 0.000615 0.000615
47.000000 0.000767 0.000767
48.000000 0.000527 0.000527
49.000000 0.000727 0.000727
50.000000 0.000606 0.000606
51.000000 0.000541 0.000541
52.000000 0.000881 0.000881
53.000000 0.001372 0.001372
54.000000 0.004046 0.004046
55.000000 0.001243 0.001243
56.000000 0.000555 0.000555
57.000000 0.000648 0.000648
58.000000 0.000652 0.000652
59.000000 0.000838 0.000838
