Time 1-10.0.0.2-10.0.0.4 Aggregate-Flow
0.000000 0.003224 0.003224
1.000000 0.003028 0.003028
2.000000 0.003260 0.003260
3.000000 0.003239 0.003239
4.000000 0.003296 0.003296
5.000000 0.005142 0.005142
6.000000 0.003187 0.003187
7.000000 0.003166 0.003166
8.000000 0.003025 0.003025
9.000000 0.003055 0.003055
10.000000 0.005470 0.005470
11.000000 0.003564 0.003564
12.000000 0.003023 0.003023
13.000000 0.003120 0.003120
14.000000 0.003049 0.003049
15.000000 0.003851 0.003851
16.000000 0.004400 0.004400
17.000000 0.003688 0.003688
18.000000 0.003747 0.003747
19.000000 0.003103 0.003103
20.000000 0.003290 0.003290
21.000000 0.003574 0.003574
22.000000 0.003418 0.003418
23.000000 0.003072 0.003072
24.000000 0.003201 0.003201
25.000000 0.003432 0.003432
26.000000 0.003675 0.003675
27.000000 0.002973 0.002973
28.000000 0.003261 0.003261
29.000000 0.003191 0.003191
30.000000 0.003108 0.003108
31.000000 0.003236 0.003236
32.000000 0.003138 0.003138
33.000000 0.004259 0.004259
34.000000 0.003241 0.003241
35.000000 0.004089 0.004089
36.000000 0.003077 0.003077
37.000000 0.003239 0.003239
38.000000 0.002939 0.002939
39.000000 0.003454 0.003454
40.000000 0.003374 0.003374
41.000000 0.003332 0.003332
42.000000 0.003813 0.003813
43.000000 0.002892 0.002892
44.000000 0.003271 0.003271
45.000000 0.003090 0.003090
46.000000 0.002987 0.002987
47.000000 0.003374 0.003374
48.000000 0.003026 0.003026
49.000000 0.003227 0.003227
50.000000 0.003040 0.003040
51.000000 0.002937 0.002937
52.000000 0.003493 0.003493
53.000000 0.004093 0.004093
54.000000 0.006744 0.006744
55.000000 0.003709 0.003709
56.000000 0.002837 0.002837
57.000000 0.002908 0.002908
58.000000 0.003166 0.003166
59.000000 0.003413 0.003413
