Time 1-10.0.0.2-10.0.0.4 Aggregate-Flow
0.000000 3337.600000 3337.600000
1.000000 3460.800000 3460.800000
2.000000 3337.600000 3337.600000
3.000000 3371.200000 3371.200000
4.000000 3382.400000 3382.400000
5.000000 2620.800000 2620.800000
6.000000 3382.400000 3382.400000
7.000000 3460.800000 3460.800000
8.000000 3516.800000 3516.800000
9.000000 3505.600000 3505.600000
10.000000 2352.000000 2352.000000
11.000000 3315.200000 3315.200000
12.000000 3539.200000 3539.200000
13.000000 3528.000000 3528.000000
14.000000 3472.000000 3472.000000
15.000000 3102.400000 3102.400000
16.000000 2777.600000 2777.600000
17.000000 3248.000000 3248.000000
18.000000 3091.200000 3091.200000
19.000000 3472.000000 3472.000000
20.000000 3438.400000 3438.400000
21.000000 3236.800000 3236.800000
22.000000 3292.800000 3292.800000
23.000000 3505.600000 3505.600000
24.000000 3460.800000 3460.800000
25.000000 3203.200000 3203.200000
26.000000 3270.400000 3270.400000
27.000000 3539.200000 3539.200000
28.000000 3382.400000 3382.400000
29.000000 3438.400000 3438.400000
30.000000 3528.000000 3528.000000
31.000000 3360.000000 3360.000000
32.000000 3404.800000 3404.800000
33.000000 2934.400000 2934.400000
34.000000 3449.600000 3449.600000
35.000000 2956.800000 2956.800000
36.000000 3472.000000 3472.000000
37.000000 3449.600000 3449.600000
38.000000 3505.600000 3505.600000
39.000000 3326.400000 3326.400000
40.000000 3259.200000 3259.200000
41.000000 3360.000000 3360.000000
42.000000 3169.600000 3169.600000
43.000000 3550.400000 3550.400000
44.000000 3460.800000 3460.800000
45.000000 3516.800000 3516.800000
46.000000 3561.600000 3561.600000
47.000000 3416.000000 3416.000000
48.000000 3539.200000 3539.200000
49.000000 3438.400000 3438.400000
50.000000 3550.400000 3550.400000
51.000000 3550.400000 3550.400000
52.000000 3337.600000 3337.600000
53.000000 3035.200000 3035.200000
54.000000 1971.200000 1971.200000
55.000000 3035.200000 3035.200000
56.000000 3528.000000 3528.000000
57.000000 3460.800000 3460.800000
58.000000 3382.400000 3382.400000
59.000000 3360.000000 3360.000000
