Time 1-10.0.0.1-10.0.0.3 Aggregate-Flow
0.000000 0.000776 0.000776
1.000000 0.000653 0.000653
2.000000 0.001167 0.001167
3.000000 0.000633 0.000633
4.000000 0.000953 0.000953
5.000000 0.003695 0.003695
6.000000 0.000748 0.000748
7.000000 0.000715 0.000715
8.000000 0.000607 0.000607
9.000000 0.000684 0.000684
10.000000 0.004422 0.004422
11.000000 0.001423 0.001423
12.000000 0.000676 0.000676
13.000000 0.000545 0.000545
14.000000 0.000535 0.000535
15.000000 0.001795 0.001795
16.000000 0.002464 0.002464
17.000000 0.002555 0.002555
18.000000 0.002555 0.002555
19.000000 0.000683 0.000683
20.000000 0.001272 0.001272
21.000000 0.001078 0.001078
22.000000 0.001416 0.001416
23.000000 0.000782 0.000782
24.000000 0.000527 0.000527
25.000000 0.001518 0.001518
26.000000 0.001807 0.001807
27.000000 0.000618 0.000618
28.000000 0.000704 0.000704
29.000000 0.000658 0.000658
30.000000 0.000589 0.000589
31.000000 0.001782 0.001782
32.000000 0.000610 0.000610
33.000000 0.003964 0.003964
34.000000 0.000940 0.000940
35.000000 0.002352 0.002352
36.000000 0.000606 0.000606
37.000000 0.000803 0.000803
38.000000 0.000652 0.000652
39.000000 0.001102 0.001102
40.000000 0.001948 0.001948
41.000000 0.001277 0.001277
42.000000 0.001814 0.001814
43.000000 0.000487 0.000487
44.000000 0.000651 0.000651
45.000000 0.000767 0.000767
46.000000 0.000645 0.000645
47.000000 0.001004 0.001004
48.000000 0.000640 0.000640
49.000000 0.000754 0.000754
50.000000 0.000545 0.000545
51.000000 0.000660 0.000660
52.000000 0.001181 0.001181
53.000000 0.002197 0.002197
54.000000 0.006622 0.006622
55.000000 0.001215 0.001215
56.000000 0.000520 0.000520
57.000000 0.000575 0.000575
58.000000 0.000786 0.000786
59.000000 0.000937 0.000937
