Time 1-10.0.0.1-10.0.0.3 Aggregate-Flow
0.000000 672.000000 672.000000
1.000000 683.200000 683.200000
2.000000 660.800000 660.800000
3.000000 672.000000 672.000000
4.000000 660.800000 660.800000
5.000000 548.800000 548.800000
6.000000 649.600000 649.600000
7.000000 683.200000 683.200000
8.000000 672.000000 672.000000
9.000000 672.000000 672.000000
10.000000 560.000000 560.000000
11.000000 660.800000 660.800000
12.000000 660.800000 660.800000
13.000000 683.200000 683.200000
14.000000 672.000000 672.000000
15.000000 638.400000 638.400000
16.000000 604.800000 604.800000
17.000000 638.400000 638.400000
18.000000 649.600000 649.600000
19.000000 672.000000 672.000000
20.000000 672.000000 672.000000
21.000000 672.000000 672.000000
22.000000 660.800000 660.800000
23.000000 672.000000 672.000000
24.000000 683.200000 683.200000
25.000000 638.400000 638.400000
26.000000 672.000000 672.000000
27.000000 672.000000 672.000000
28.000000 672.000000 672.000000
29.000000 683.200000 683.200000
30.000000 672.000000 672.000000
31.000000 660.800000 660.800000
32.000000 683.200000 683.200000
33.000000 616.000000 616.000000
34.000000 672.000000 672.000000
35.000000 638.400000 638.400000
36.000000 672.000000 672.000000
37.000000 672.000000 672.000000
38.000000 683.200000 683.200000
39.000000 660.800000 660.800000
40.000000 649.600000 649.600000
41.000000 660.800000 660.800000
42.000000 660.800000 660.800000
43.000000 672.000000 672.000000
44.000000 672.000000 672.000000
45.000000 672.000000 672.000000
46.000000 683.200000 683.200000
47.000000 672.000000 672.000000
48.000000 672.000000 672.000000
49.000000 660.800000 660.800000
50.000000 683.200000 683.200000
51.000000 672.000000 672.000000
52.000000 660.800000 660.800000
53.000000 649.600000 649.600000
54.000000 537.600000 537.600000
55.000000 627.200000 627.200000
56.000000 683.200000 683.200000
57.000000 672.000000 672.000000
58.000000 672.000000 672.000000
59.000000 649.600000 649.600000
