Time 1-10.0.0.1-10.0.0.3 Aggregate-Flow
0.000000 0.003277 0.003277
1.000000 0.003017 0.003017
2.000000 0.003622 0.003622
3.000000 0.003210 0.003210
4.000000 0.003263 0.003263
5.000000 0.005154 0.005154
6.000000 0.003261 0.003261
7.000000 0.003100 0.003100
8.000000 0.003000 0.003000
9.000000 0.002958 0.002958
10.000000 0.007138 0.007138
11.000000 0.003516 0.003516
12.000000 0.003202 0.003202
13.000000 0.003071 0.003071
14.000000 0.003051 0.003051
15.000000 0.003806 0.003806
16.000000 0.004689 0.004689
17.000000 0.004251 0.004251
18.000000 0.005112 0.005112
19.000000 0.003370 0.003370
20.000000 0.003455 0.003455
21.000000 0.003524 0.003524
22.000000 0.003758 0.003758
23.000000 0.002958 0.002958
24.000000 0.002884 0.002884
25.000000 0.003933 0.003933
26.000000 0.003893 0.003893
27.000000 0.003002 0.003002
28.000000 0.003350 0.003350
29.000000 0.003178 0.003178
30.000000 0.003210 0.003210
31.000000 0.003609 0.003609
32.000000 0.003061 0.003061
33.000000 0.005094 0.005094
34.000000 0.003377 0.003377
35.000000 0.004095 0.004095
36.000000 0.002953 0.002953
37.000000 0.003224 0.003224
38.000000 0.002996 0.002996
39.000000 0.003367 0.003367
40.000000 0.003785 0.003785
41.000000 0.003319 0.003319
42.000000 0.003923 0.003923
43.000000 0.002717 0.002717
44.000000 0.003021 0.003021
45.000000 0.003115 0.003115
46.000000 0.003054 0.003054
47.000000 0.003177 0.003177
48.000000 0.002963 0.002963
49.000000 0.003225 0.003225
50.000000 0.003045 0.003045
51.000000 0.003046 0.003046
52.000000 0.003584 0.003584
53.000000 0.004479 0.004479
54.000000 0.008510 0.008510
55.000000 0.003676 0.003676
56.000000 0.002869 0.002869
57.000000 0.002826 0.002826
58.000000 0.003218 0.003218
59.000000 0.003305 0.003305
