Time 1-10.0.0.1-10.0.0.3 Aggregate-Flow
0.000000 0.149755 0.149755
1.000000 0.371596 0.371596
2.000000 0.593154 0.593154
3.000000 1.043515 1.043515
4.000000 1.168348 1.168348
5.000000 1.304948 1.304948
6.000000 1.506249 1.506249
7.000000 1.737872 1.737872
8.000000 2.079980 2.079980
9.000000 2.539214 2.539214
10.000000 2.801658 2.801658
11.000000 3.380151 3.380151
12.000000 3.342377 3.342377
13.000000 3.366423 3.366423
14.000000 3.110753 3.110753
15.000000 3.123117 3.123117
16.000000 3.422792 3.422792
17.000000 3.638178 3.638178
18.000000 3.786922 3.786922
19.000000 3.747442 3.747442
20.000000 3.325036 3.325036
21.000000 3.061268 3.061268
22.000000 2.995282 2.995282
23.000000 2.937182 2.937182
24.000000 2.919773 2.919773
25.000000 2.909420 2.909420
26.000000 2.978718 2.978718
27.000000 3.063236 3.063236
28.000000 3.069300 3.069300
29.000000 2.986950 2.986950
30.000000 2.939948 2.939948
31.000000 3.140787 3.140787
32.000000 3.408980 3.408980
33.000000 3.404436 3.404436
34.000000 3.339200 3.339200
35.000000 3.113997 3.113997
36.000000 3.400209 3.400209
37.000000 3.422982 3.422982
38.000000 3.454192 3.454192
39.000000 3.171705 3.171705
40.000000 3.084837 3.084837
41.000000 2.976390 2.976390
42.000000 2.955795 2.955795
43.000000 2.939177 2.939177
44.000000 2.923126 2.923126
45.000000 2.910389 2.910389
46.000000 3.079316 3.079316
47.000000 3.559801 3.559801
48.000000 3.566730 3.566730
49.000000 3.550683 3.550683
50.000000 3.092692 3.092692
51.000000 3.534868 3.534868
52.000000 3.611901 3.611901
53.000000 3.615608 3.615608
54.000000 3.119335 3.119335
55.000000 3.097500 3.097500
56.000000 3.284298 3.284298
57.000000 3.299444 3.299444
58.000000 3.174879 3.174879
59.000000 2.942629 2.942629
60.000000 2.905570 2.905570
61.000000 2.902087 2.902087
62.000000 2.889551 2.889551
