Time 1-10.0.0.1-10.0.0.3 Aggregate-Flow
0.000000 0.010594 0.010594
1.000000 0.008683 0.008683
2.000000 0.006151 0.006151
3.000000 0.007221 0.007221
4.000000 0.005573 0.005573
5.000000 0.005923 0.005923
6.000000 0.003660 0.003660
7.000000 0.002952 0.002952
8.000000 0.003559 0.003559
9.000000 0.003355 0.003355
10.000000 0.004160 0.004160
11.000000 0.003387 0.003387
12.000000 0.003274 0.003274
13.000000 0.002542 0.002542
14.000000 0.004440 0.004440
15.000000 0.002493 0.002493
16.000000 0.008201 0.008201
17.000000 0.004384 0.004384
18.000000 0.003105 0.003105
19.000000 0.004049 0.004049
20.000000 0.005845 0.005845
21.000000 0.002546 0.002546
22.000000 0.002104 0.002104
23.000000 0.001928 0.001928
24.000000 0.001507 0.001507
25.000000 0.001741 0.001741
26.000000 0.003375 0.003375
27.000000 0.001640 0.001640
28.000000 0.001670 0.001670
29.000000 0.002830 0.002830
30.000000 0.002471 0.002471
31.000000 0.008255 0.008255
32.000000 0.002004 0.002004
33.000000 0.002137 0.002137
34.000000 0.005805 0.005805
35.000000 0.004316 0.004316
36.000000 0.003195 0.003195
37.000000 0.003192 0.003192
38.000000 0.004759 0.004759
39.000000 0.003020 0.003020
40.000000 0.002280 0.002280
41.000000 0.002484 0.002484
42.000000 0.001597 0.001597
43.000000 0.001557 0.001557
44.000000 0.002170 0.002170
45.000000 0.001574 0.001574
46.000000 0.007802 0.007802
47.000000 0.004072 0.004072
48.000000 0.001747 0.001747
49.000000 0.003304 0.003304
50.000000 0.008735 0.008735
51.000000 0.005750 0.005750
52.000000 0.002051 0.002051
53.000000 0.002029 0.002029
54.000000 0.005966 0.005966
55.000000 0.004823 0.004823
56.000000 0.002360 0.002360
57.000000 0.001645 0.001645
58.000000 0.003897 0.003897
59.000000 0.002028 0.002028
60.000000 0.001355 0.001355
61.000000 0.001628 0.001628
62.000000 0.001449 0.001449
