Time 1-10.0.0.1-10.0.0.3 Aggregate-Flow
0.000000 862.400000 862.400000
1.000000 1265.600000 1265.600000
2.000000 1120.000000 1120.000000
3.000000 1153.600000 1153.600000
4.000000 1433.600000 1433.600000
5.000000 1433.600000 1433.600000
6.000000 1657.600000 1657.600000
7.000000 1668.800000 1668.800000
8.000000 1556.800000 1556.800000
9.000000 1579.200000 1579.200000
10.000000 1299.200000 1299.200000
11.000000 1612.800000 1612.800000
12.000000 1545.600000 1545.600000
13.000000 1310.400000 1310.400000
14.000000 1680.000000 1680.000000
15.000000 1646.400000 1646.400000
16.000000 996.800000 996.800000
17.000000 1254.400000 1254.400000
18.000000 1355.200000 1355.200000
19.000000 1456.000000 1456.000000
20.000000 1489.600000 1489.600000
21.000000 1646.400000 1646.400000
22.000000 1780.800000 1780.800000
23.000000 1758.400000 1758.400000
24.000000 1646.400000 1646.400000
25.000000 1624.000000 1624.000000
26.000000 1444.800000 1444.800000
27.000000 1702.400000 1702.400000
28.000000 1523.200000 1523.200000
29.000000 1769.600000 1769.600000
30.000000 1624.000000 1624.000000
31.000000 907.200000 907.200000
32.000000 1680.000000 1680.000000
33.000000 1646.400000 1646.400000
34.000000 1478.400000 1478.400000
35.000000 1176.000000 1176.000000
36.000000 1288.000000 1288.000000
37.000000 1691.200000 1691.200000
38.000000 1478.400000 1478.400000
39.000000 1792.000000 1792.000000
40.000000 1724.800000 1724.800000
41.000000 1612.800000 1612.800000
42.000000 1713.600000 1713.600000
43.000000 2139.200000 2139.200000
44.000000 1724.800000 1724.800000
45.000000 1848.000000 1848.000000
46.000000 851.200000 851.200000
47.000000 1400.000000 1400.000000
48.000000 1422.400000 1422.400000
49.000000 1657.600000 1657.600000
50.000000 1120.000000 1120.000000
51.000000 1220.800000 1220.800000
52.000000 1590.400000 1590.400000
53.000000 2094.400000 2094.400000
54.000000 1590.400000 1590.400000
55.000000 1153.600000 1153.600000
56.000000 1803.200000 1803.200000
57.000000 1960.000000 1960.000000
58.000000 1657.600000 1657.600000
59.000000 1713.600000 1713.600000
60.000000 1668.800000 1668.800000
61.000000 1724.800000 1724.800000
62.000000 1792.000000 1792.000000
