Time 1-10.0.0.1-10.0.0.3 Aggregate-Flow
0.000000 0.010353 0.010353
1.000000 0.007808 0.007808
2.000000 0.006491 0.006491
3.000000 0.006832 0.006832
4.000000 0.005812 0.005812
5.000000 0.005451 0.005451
6.000000 0.003678 0.003678
7.000000 0.003026 0.003026
8.000000 0.003637 0.003637
9.000000 0.003283 0.003283
10.000000 0.004294 0.004294
11.000000 0.003719 0.003719
12.000000 0.003110 0.003110
13.000000 0.002468 0.002468
14.000000 0.004845 0.004845
15.000000 0.002619 0.002619
16.000000 0.008830 0.008830
17.000000 0.004231 0.004231
18.000000 0.003027 0.003027
19.000000 0.003560 0.003560
20.000000 0.005684 0.005684
21.000000 0.002661 0.002661
22.000000 0.001701 0.001701
23.000000 0.001830 0.001830
24.000000 0.001468 0.001468
25.000000 0.001797 0.001797
26.000000 0.003521 0.003521
27.000000 0.001484 0.001484
28.000000 0.001630 0.001630
29.000000 0.002781 0.002781
30.000000 0.002269 0.002269
31.000000 0.008023 0.008023
32.000000 0.001661 0.001661
33.000000 0.002299 0.002299
34.000000 0.005627 0.005627
35.000000 0.004064 0.004064
36.000000 0.002896 0.002896
37.000000 0.003817 0.003817
38.000000 0.004984 0.004984
39.000000 0.003356 0.003356
40.000000 0.002284 0.002284
41.000000 0.003126 0.003126
42.000000 0.001587 0.001587
43.000000 0.001491 0.001491
44.000000 0.002339 0.002339
45.000000 0.001511 0.001511
46.000000 0.006973 0.006973
47.000000 0.004331 0.004331
48.000000 0.001718 0.001718
49.000000 0.003583 0.003583
50.000000 0.011089 0.011089
51.000000 0.005180 0.005180
52.000000 0.001967 0.001967
53.000000 0.002880 0.002880
54.000000 0.005732 0.005732
55.000000 0.005191 0.005191
56.000000 0.002737 0.002737
57.000000 0.001441 0.001441
58.000000 0.004087 0.004087
59.000000 0.002116 0.002116
60.000000 0.001733 0.001733
61.000000 0.001591 0.001591
62.000000 0.001350 0.001350
