Time 1-10.0.0.1-10.0.0.3 Aggregate-Flow
0.000000 873.600000 873.600000
1.000000 1310.400000 1310.400000
2.000000 1086.400000 1086.400000
3.000000 1153.600000 1153.600000
4.000000 1366.400000 1366.400000
5.000000 1456.000000 1456.000000
6.000000 1668.800000 1668.800000
7.000000 1657.600000 1657.600000
8.000000 1568.000000 1568.000000
9.000000 1568.000000 1568.000000
10.000000 1276.800000 1276.800000
11.000000 1400.000000 1400.000000
12.000000 1612.800000 1612.800000
13.000000 1769.600000 1769.600000
14.000000 1411.200000 1411.200000
15.000000 1635.200000 1635.200000
16.000000 985.600000 985.600000
17.000000 1276.800000 1276.800000
18.000000 1556.800000 1556.800000
19.000000 1803.200000 1803.200000
20.000000 1568.000000 1568.000000
21.000000 1758.400000 1758.400000
22.000000 1635.200000 1635.200000
23.000000 1657.600000 1657.600000
24.000000 1825.600000 1825.600000
25.000000 1814.400000 1814.400000
26.000000 1321.600000 1321.600000
27.000000 1635.200000 1635.200000
28.000000 1870.400000 1870.400000
29.000000 1680.000000 1680.000000
30.000000 1624.000000 1624.000000
31.000000 952.000000 952.000000
32.000000 1792.000000 1792.000000
33.000000 1657.600000 1657.600000
34.000000 1579.200000 1579.200000
35.000000 1355.200000 1355.200000
36.000000 1534.400000 1534.400000
37.000000 1478.400000 1478.400000
38.000000 1456.000000 1456.000000
39.000000 1579.200000 1579.200000
40.000000 1691.200000 1691.200000
41.000000 1724.800000 1724.800000
42.000000 1624.000000 1624.000000
43.000000 1332.800000 1332.800000
44.000000 1713.600000 1713.600000
45.000000 1657.600000 1657.600000
46.000000 1030.400000 1030.400000
47.000000 1176.000000 1176.000000
48.000000 1915.200000 1915.200000
49.000000 1657.600000 1657.600000
50.000000 873.600000 873.600000
51.000000 1176.000000 1176.000000
52.000000 1825.600000 1825.600000
53.000000 1220.800000 1220.800000
54.000000 1590.400000 1590.400000
55.000000 1164.800000 1164.800000
56.000000 1377.600000 1377.600000
57.000000 1601.600000 1601.600000
58.000000 1646.400000 1646.400000
59.000000 1758.400000 1758.400000
60.000000 1702.400000 1702.400000
61.000000 1736.000000 1736.000000
62.000000 1299.200000 1299.200000
