Time 1-10.0.0.1-10.0.0.3 Aggregate-Flow
0.000000 0.153848 0.153848
1.000000 0.372932 0.372932
2.000000 0.604214 0.604214
3.000000 1.041768 1.041768
4.000000 1.168559 1.168559
5.000000 1.305789 1.305789
6.000000 1.508590 1.508590
7.000000 1.738526 1.738526
8.000000 2.082285 2.082285
9.000000 2.539555 2.539555
10.000000 2.801455 2.801455
11.000000 3.373968 3.373968
12.000000 3.345097 3.345097
13.000000 3.365810 3.365810
14.000000 3.133409 3.133409
15.000000 3.122258 3.122258
16.000000 3.403866 3.403866
17.000000 3.633101 3.633101
18.000000 3.790255 3.790255
19.000000 3.744472 3.744472
20.000000 3.304656 3.304656
21.000000 3.056526 3.056526
22.000000 2.995887 2.995887
23.000000 2.940686 2.940686
24.000000 2.919358 2.919358
25.000000 2.909448 2.909448
26.000000 2.984825 2.984825
27.000000 3.063474 3.063474
28.000000 3.067467 3.067467
29.000000 2.999222 2.999222
30.000000 2.940632 2.940632
31.000000 3.116170 3.116170
32.000000 3.408743 3.408743
33.000000 3.404151 3.404151
34.000000 3.334143 3.334143
35.000000 3.130293 3.130293
36.000000 3.398566 3.398566
37.000000 3.426074 3.426074
38.000000 3.450589 3.450589
39.000000 3.177315 3.177315
40.000000 3.083040 3.083040
41.000000 2.973785 2.973785
42.000000 2.956485 2.956485
43.000000 2.941653 2.941653
44.000000 2.924484 2.924484
45.000000 2.910940 2.910940
46.000000 3.055873 3.055873
47.000000 3.557848 3.557848
48.000000 3.565939 3.565939
49.000000 3.544299 3.544299
50.000000 3.098970 3.098970
51.000000 3.544255 3.544255
52.000000 3.611395 3.611395
53.000000 3.615905 3.615905
54.000000 3.117149 3.117149
55.000000 3.086915 3.086915
56.000000 3.286452 3.286452
57.000000 3.303284 3.303284
58.000000 3.179320 3.179320
59.000000 2.940683 2.940683
60.000000 2.905534 2.905534
61.000000 2.902858 2.902858
62.000000 2.890222 2.890222
