Time 1-10.0.0.1-10.0.0.3 Aggregate-Flow
0.000000 268.800000 268.800000
1.000000 448.000000 448.000000
2.000000 302.400000 302.400000
3.000000 380.800000 380.800000
4.000000 492.800000 492.800000
5.000000 392.000000 392.000000
6.000000 481.600000 481.600000
7.000000 436.800000 436.800000
8.000000 403.200000 403.200000
9.000000 403.200000 403.200000
10.000000 347.200000 347.200000
11.000000 448.000000 448.000000
12.000000 470.400000 470.400000
13.000000 414.400000 414.400000
14.000000 492.800000 492.800000
15.000000 302.400000 302.400000
16.000000 257.600000 257.600000
17.000000 280.000000 280.000000
18.000000 392.000000 392.000000
19.000000 582.400000 582.400000
20.000000 481.600000 481.600000
21.000000 470.400000 470.400000
22.000000 369.600000 369.600000
23.000000 448.000000 448.000000
24.000000 425.600000 425.600000
25.000000 436.800000 436.800000
26.000000 436.800000 436.800000
27.000000 548.800000 548.800000
28.000000 436.800000 436.800000
29.000000 380.800000 380.800000
30.000000 436.800000 436.800000
31.000000 246.400000 246.400000
32.000000 414.400000 414.400000
33.000000 436.800000 436.800000
34.000000 481.600000 481.600000
35.000000 380.800000 380.800000
36.000000 425.600000 425.600000
37.000000 414.400000 414.400000
38.000000 436.800000 436.800000
39.000000 470.400000 470.400000
40.000000 425.600000 425.600000
41.000000 380.800000 380.800000
42.000000 537.600000 537.600000
43.000000 392.000000 392.000000
44.000000 369.600000 369.600000
45.000000 380.800000 380.800000
46.000000 302.400000 302.400000
47.000000 380.800000 380.800000
48.000000 504.000000 504.000000
49.000000 560.000000 560.000000
50.000000 380.800000 380.800000
51.000000 280.000000 280.000000
52.000000 358.400000 358.400000
53.000000 448.000000 448.000000
54.000000 638.400000 638.400000
55.000000 291.200000 291.200000
56.000000 459.200000 459.200000
57.000000 336.000000 336.000000
58.000000 515.200000 515.200000
59.000000 403.200000 403.200000
60.000000 515.200000 515.200000
61.000000 414.400000 414.400000
62.000000 358.400000 358.400000
