Time 1-10.0.0.1-10.0.0.3 Aggregate-Flow
0.000000 0.166207 0.166207
1.000000 0.386050 0.386050
2.000000 0.597601 0.597601
3.000000 1.039800 1.039800
4.000000 1.160643 1.160643
5.000000 1.300432 1.300432
6.000000 1.509183 1.509183
7.000000 1.735072 1.735072
8.000000 2.084509 2.084509
9.000000 2.539178 2.539178
10.000000 2.792458 2.792458
11.000000 3.380294 3.380294
12.000000 3.349297 3.349297
13.000000 3.367642 3.367642
14.000000 3.148294 3.148294
15.000000 3.117090 3.117090
16.000000 3.434407 3.434407
17.000000 3.641363 3.641363
18.000000 3.793159 3.793159
19.000000 3.730570 3.730570
20.000000 3.335255 3.335255
21.000000 3.059216 3.059216
22.000000 2.995574 2.995574
23.000000 2.940187 2.940187
24.000000 2.919557 2.919557
25.000000 2.908975 2.908975
26.000000 2.980875 2.980875
27.000000 3.063423 3.063423
28.000000 3.067085 3.067085
29.000000 2.979494 2.979494
30.000000 2.940625 2.940625
31.000000 3.141920 3.141920
32.000000 3.409509 3.409509
33.000000 3.406525 3.406525
34.000000 3.313351 3.313351
35.000000 3.125450 3.125450
36.000000 3.392183 3.392183
37.000000 3.427089 3.427089
38.000000 3.455562 3.455562
39.000000 3.195645 3.195645
40.000000 3.086410 3.086410
41.000000 2.977483 2.977483
42.000000 2.956311 2.956311
43.000000 2.940289 2.940289
44.000000 2.923412 2.923412
45.000000 2.910701 2.910701
46.000000 3.040928 3.040928
47.000000 3.563117 3.563117
48.000000 3.565380 3.565380
49.000000 3.531563 3.531563
50.000000 3.072061 3.072061
51.000000 3.535303 3.535303
52.000000 3.610780 3.610780
53.000000 3.615225 3.615225
54.000000 3.171102 3.171102
55.000000 3.090552 3.090552
56.000000 3.285378 3.285378
57.000000 3.306652 3.306652
58.000000 3.166735 3.166735
59.000000 2.937950 2.937950
60.000000 2.905856 2.905856
61.000000 2.903505 2.903505
62.000000 2.890253 2.890253
