Time 1-10.0.0.1-10.0.0.3 Aggregate-Flow
0.000000 0.030695 0.030695
1.000000 0.020876 0.020876
2.000000 0.019671 0.019671
3.000000 0.012671 0.012671
4.000000 0.014420 0.014420
5.000000 0.017585 0.017585
6.000000 0.009826 0.009826
7.000000 0.009579 0.009579
8.000000 0.010882 0.010882
9.000000 0.010402 0.010402
10.000000 0.012804 0.012804
11.000000 0.009886 0.009886
12.000000 0.007449 0.007449
13.000000 0.004678 0.004678
14.000000 0.011566 0.011566
15.000000 0.006128 0.006128
16.000000 0.022207 0.022207
17.000000 0.013982 0.013982
18.000000 0.005375 0.005375
19.000000 0.007348 0.007348
20.000000 0.014131 0.014131
21.000000 0.005068 0.005068
22.000000 0.002329 0.002329
23.000000 0.003813 0.003813
24.000000 0.001833 0.001833
25.000000 0.001846 0.001846
26.000000 0.006342 0.006342
27.000000 0.001244 0.001244
28.000000 0.001848 0.001848
29.000000 0.007170 0.007170
30.000000 0.002976 0.002976
31.000000 0.022016 0.022016
32.000000 0.002028 0.002028
33.000000 0.002690 0.002690
34.000000 0.013501 0.013501
35.000000 0.008839 0.008839
36.000000 0.005976 0.005976
37.000000 0.006497 0.006497
38.000000 0.009318 0.009318
39.000000 0.007281 0.007281
40.000000 0.003631 0.003631
41.000000 0.006224 0.006224
42.000000 0.001267 0.001267
43.000000 0.001655 0.001655
44.000000 0.003537 0.003537
45.000000 0.001831 0.001831
46.000000 0.016193 0.016193
47.000000 0.010402 0.010402
48.000000 0.001745 0.001745
49.000000 0.007231 0.007231
50.000000 0.020949 0.020949
51.000000 0.017507 0.017507
52.000000 0.002579 0.002579
53.000000 0.002786 0.002786
54.000000 0.012068 0.012068
55.000000 0.013449 0.013449
56.000000 0.004061 0.004061
57.000000 0.002418 0.002418
58.000000 0.008548 0.008548
59.000000 0.003927 0.003927
60.000000 0.001382 0.001382
61.000000 0.002039 0.002039
62.000000 0.001205 0.001205
